GOID	TERM	CORRECTED_PVALUE	UNCORRECTED_PVALUE	NUM_LIST_ANNOTATIONS	LIST_SIZE	TOTAL_NUM_ANNOTATIONS	POPULATION_SIZE	FDR_RATE	EXPECTED_FALSE_POSITIVES	ANNOTATED_GENES
GO:0005199	structural constituent of cell wall	0.00298095245991917	1.5856130105953e-05	8	189	44	7166	2.00%	0.02	YJL158C, YER011W, YOR009W, YKL096W-A, YLR390W-A, YDR077W, YHL046C, YJL159W
GO:0016798	hydrolase activity, acting on glycosyl bonds	0.030003421543532	0.000159592667784745	8	189	60	7166	5.00%	0.10	YNL066W, YKR042W, YLR286C, YMR305C, YIL123W, YHR143W, YGL156W, YGR279C
GO:0008061	chitin binding	0.0326511339965576	0.00017367624466254	3	189	5	7166	3.33%	0.10	YLR286C, YLR307W, YLR308W
GO:0043565	sequence-specific DNA binding	0.033816336830429	0.00017987413207675	19	189	286	7166	2.50%	0.10	YKL185W, YDR096W, YLR318W, YDR451C, YKL043W, YNL239W, YBR150C, YBL054W, YFL021W, YJR147W, YEL009C, YPR065W, YGL096W, YOR174W, YIR013C, YKR091W, YNL075W, YJL194W, YLR013W
